    3   2   3   4
0.00   0.07   1.00
0.00   1.00
0.00   0.18   1.00

thkPlate
v
thkHot
w
thkCold
u
hot2cold
.

0.0003 0.0386 0.0386 1.0000 
0.0003 0.0385 0.0384 1.0520 
0.0003 0.0365 0.0365 1.7650 

0.0003 0.0386 0.0386 1.0000 
0.0003 0.0385 0.0384 1.0520 
0.0003 0.0365 0.0365 1.7650 

0.0003 0.0386 0.0386 1.0000 
0.0003 0.0365 0.0365 1.7650 
0.0003 0.0561 0.0561 0.9663 

0.0003 0.0386 0.0386 1.0000 
0.0003 0.0365 0.0365 1.7650 
0.0003 0.0561 0.0561 0.9663 

0.0003 0.0386 0.0386 1.0000 
0.0003 0.0562 0.0562 0.9179 
0.0003 0.1385 0.1385 0.5347 

0.0003 0.0386 0.0386 1.0000 
0.0003 0.0562 0.0562 0.9179 
0.0003 0.1385 0.1385 0.5347 

