    4   3   4   4
0.00   0.07   0.56   1.00
0.00   0.50   1.00
0.00   0.20   0.65   1.00

thkPlate
v
thkHot
w
thkCold
u
hot2cold
.

0.1000 0.1000 0.1000 1.0000 
0.1000 0.1000 0.1000 0.9797 
0.1000 0.1000 0.1000 0.6988 
0.1000 0.1000 0.1000 0.5764 

0.1000 0.1000 0.1000 1.0000 
0.1000 0.1000 0.1000 0.9797 
0.1000 0.1000 0.1000 0.6988 
0.1000 0.1000 0.1000 0.5764 

0.1000 0.1000 0.1000 1.0000 
0.1000 0.1000 0.1000 0.9797 
0.1000 0.1000 0.1000 0.6988 
0.1000 0.1000 0.1000 0.5764 

0.1000 0.1000 0.1000 1.0000 
0.1000 0.1000 0.1000 0.6988 
0.1000 0.1000 0.1000 0.8562 
0.1000 0.1000 0.1000 0.6205 

0.1000 0.1000 0.1000 1.0000 
0.1000 0.1000 0.1000 0.6988 
0.1000 0.1000 0.1000 0.8562 
0.1000 0.1000 0.1000 0.6205 

0.1000 0.1000 0.1000 1.0000 
0.1000 0.1000 0.1000 0.6988 
0.1000 0.1000 0.1000 0.8562 
0.1000 0.1000 0.1000 0.6205 

0.1000 0.1000 0.1000 1.0000 
0.1000 0.1000 0.1000 0.5764 
0.1000 0.1000 0.1000 0.6205 
0.1000 0.1000 0.1000 0.6056 

0.1000 0.1000 0.1000 1.0000 
0.1000 0.1000 0.1000 0.5764 
0.1000 0.1000 0.1000 0.6205 
0.1000 0.1000 0.1000 0.6056 

0.1000 0.1000 0.1000 1.0000 
0.1000 0.1000 0.1000 0.5764 
0.1000 0.1000 0.1000 0.6205 
0.1000 0.1000 0.1000 0.6056 

0.1000 0.1000 0.1000 1.0000 
0.1000 0.1000 0.1000 0.8562 
0.1000 0.1000 0.1000 0.6329 
0.1000 0.1000 0.1000 0.6970 

0.1000 0.1000 0.1000 1.0000 
0.1000 0.1000 0.1000 0.8562 
0.1000 0.1000 0.1000 0.6329 
0.1000 0.1000 0.1000 0.6970 

0.1000 0.1000 0.1000 1.0000 
0.1000 0.1000 0.1000 0.8562 
0.1000 0.1000 0.1000 0.6329 
0.1000 0.1000 0.1000 0.6970 

