    3   3   3   4
0.00   0.07   1.00
0.00   0.50   1.00
0.00   0.16   1.00

thkPlate
v
thkHot
w
thkCold
u
hot2cold
.

0.0300 0.0300 0.0300 1.0000 
0.0300 0.0300 0.0300 1.0589 
0.0300 0.0300 0.0300 1.7945 

0.0300 0.0300 0.0300 1.0000 
0.0300 0.0300 0.0300 1.0589 
0.0300 0.0300 0.0300 1.7945 

0.0300 0.0300 0.0300 1.0000 
0.0300 0.0300 0.0300 1.0589 
0.0300 0.0300 0.0300 1.7945 

0.0300 0.0300 0.0300 1.0000 
0.0300 0.0300 0.0300 1.7945 
0.0300 0.0301 0.0301 0.9789 

0.0300 0.0300 0.0300 1.0000 
0.0300 0.0300 0.0300 1.7945 
0.0300 0.0301 0.0301 0.9789 

0.0300 0.0300 0.0300 1.0000 
0.0300 0.0300 0.0300 1.7945 
0.0300 0.0301 0.0301 0.9789 

0.0300 0.0300 0.0300 1.0000 
0.0300 0.0300 0.0300 0.9240 
0.0300 0.0300 0.0300 0.5345 

0.0300 0.0300 0.0300 1.0000 
0.0300 0.0300 0.0300 0.9240 
0.0300 0.0300 0.0300 0.5345 

0.0300 0.0300 0.0300 1.0000 
0.0300 0.0300 0.0300 0.9240 
0.0300 0.0300 0.0300 0.5345 

