    4   3   4   4
0.00   0.05   0.54   1.00
0.00   0.50   1.00
0.00   0.08   0.55   1.00

thkPlate
v
thkHot
w
thkCold
u
hot2cold
.

0.0300 0.0300 0.0300 1.0000 
0.0300 0.0300 0.0300 0.9848 
0.0300 0.0300 0.0300 0.7034 
0.0300 0.0300 0.0300 0.5774 

0.0300 0.0300 0.0300 1.0000 
0.0300 0.0300 0.0300 0.9848 
0.0300 0.0300 0.0300 0.7034 
0.0300 0.0300 0.0300 0.5774 

0.0300 0.0300 0.0300 1.0000 
0.0300 0.0300 0.0300 0.9848 
0.0300 0.0300 0.0300 0.7034 
0.0300 0.0300 0.0300 0.5774 

0.0300 0.0300 0.0300 1.0000 
0.0300 0.0300 0.0300 0.7034 
0.0300 0.0300 0.0300 0.9255 
0.0300 0.0300 0.0300 0.6619 

0.0300 0.0300 0.0300 1.0000 
0.0300 0.0300 0.0300 0.7034 
0.0300 0.0300 0.0300 0.9255 
0.0300 0.0300 0.0300 0.6619 

0.0300 0.0300 0.0300 1.0000 
0.0300 0.0300 0.0300 0.7034 
0.0300 0.0300 0.0300 0.9255 
0.0300 0.0300 0.0300 0.6619 

0.0300 0.0300 0.0300 1.0000 
0.0300 0.0300 0.0300 0.5774 
0.0300 0.0300 0.0300 0.6619 
0.0300 0.0300 0.0300 0.6006 

0.0300 0.0300 0.0300 1.0000 
0.0300 0.0300 0.0300 0.5774 
0.0300 0.0300 0.0300 0.6619 
0.0300 0.0300 0.0300 0.6006 

0.0300 0.0300 0.0300 1.0000 
0.0300 0.0300 0.0300 0.5774 
0.0300 0.0300 0.0300 0.6619 
0.0300 0.0300 0.0300 0.6006 

0.0300 0.0300 0.0300 1.0000 
0.0300 0.0300 0.0300 0.9255 
0.0300 0.0300 0.0300 0.6205 
0.0300 0.0300 0.0300 0.6919 

0.0300 0.0300 0.0300 1.0000 
0.0300 0.0300 0.0300 0.9255 
0.0300 0.0300 0.0300 0.6205 
0.0300 0.0300 0.0300 0.6919 

0.0300 0.0300 0.0300 1.0000 
0.0300 0.0300 0.0300 0.9255 
0.0300 0.0300 0.0300 0.6205 
0.0300 0.0300 0.0300 0.6919 

