    4   3   4   4
0.00   0.26   0.61   1.00
0.00   0.50   1.00
0.00   0.23   0.63   1.00

thkPlate
v
thkHot
w
thkCold
u
hot2cold
.

0.0300 0.0300 0.0300 0.4711 
0.0300 0.0300 0.0300 0.4567 
0.0300 0.0300 0.0300 0.4201 
0.0300 0.0300 0.0300 0.4000 

0.0300 0.0300 0.0300 0.4711 
0.0300 0.0300 0.0300 0.4567 
0.0300 0.0300 0.0300 0.4201 
0.0300 0.0300 0.0300 0.4000 

0.0300 0.0300 0.0300 0.4711 
0.0300 0.0300 0.0300 0.4567 
0.0300 0.0300 0.0300 0.4201 
0.0300 0.0300 0.0300 0.4000 

0.0300 0.0300 0.0300 0.4711 
0.0300 0.0300 0.0300 0.4201 
0.0300 0.0300 0.0300 0.4799 
0.0300 0.0300 0.0300 0.4279 

0.0300 0.0300 0.0300 0.4711 
0.0300 0.0300 0.0300 0.4201 
0.0300 0.0300 0.0300 0.4799 
0.0300 0.0300 0.0300 0.4279 

0.0300 0.0300 0.0300 0.4711 
0.0300 0.0300 0.0300 0.4201 
0.0300 0.0300 0.0300 0.4799 
0.0300 0.0300 0.0300 0.4279 

0.0300 0.0300 0.0300 0.4711 
0.0300 0.0300 0.0300 0.4000 
0.0300 0.0300 0.0300 0.4279 
0.0300 0.0300 0.0300 0.4997 

0.0300 0.0300 0.0300 0.4711 
0.0300 0.0300 0.0300 0.4000 
0.0300 0.0300 0.0300 0.4279 
0.0300 0.0300 0.0300 0.4997 

0.0300 0.0300 0.0300 0.4711 
0.0300 0.0300 0.0300 0.4000 
0.0300 0.0300 0.0300 0.4279 
0.0300 0.0300 0.0300 0.4997 

0.0300 0.0300 0.0300 0.4711 
0.0300 0.0300 0.0300 0.4799 
0.0300 0.0300 0.0300 0.5236 
0.0300 0.0300 0.0300 0.5489 

0.0300 0.0300 0.0300 0.4711 
0.0300 0.0300 0.0300 0.4799 
0.0300 0.0300 0.0300 0.5236 
0.0300 0.0300 0.0300 0.5489 

0.0300 0.0300 0.0300 0.4711 
0.0300 0.0300 0.0300 0.4799 
0.0300 0.0300 0.0300 0.5236 
0.0300 0.0300 0.0300 0.5489 

