    5   3   5   4
0.00   0.05   0.40   0.71   1.00
0.00   0.50   1.00
0.00   0.09   0.45   0.74   1.00

thkPlate
v
thkHot
w
thkCold
u
hot2cold
.

0.0300 0.0300 0.0300 1.0000 
0.0300 0.0300 0.0300 0.9854 
0.0300 0.0300 0.0300 0.8122 
0.0300 0.0300 0.0300 0.6423 
0.0300 0.0300 0.0300 0.5411 

0.0300 0.0300 0.0300 1.0000 
0.0300 0.0300 0.0300 0.9854 
0.0300 0.0300 0.0300 0.8122 
0.0300 0.0300 0.0300 0.6423 
0.0300 0.0300 0.0300 0.5411 

0.0300 0.0300 0.0300 1.0000 
0.0300 0.0300 0.0300 0.9854 
0.0300 0.0300 0.0300 0.8122 
0.0300 0.0300 0.0300 0.6423 
0.0300 0.0300 0.0300 0.5411 

0.0300 0.0300 0.0300 1.0000 
0.0300 0.0300 0.0300 0.8122 
0.0300 0.0300 0.0300 0.5411 
0.0300 0.0300 0.0300 1.9922 
0.0300 0.0300 0.0300 0.5978 

0.0300 0.0300 0.0300 1.0000 
0.0300 0.0300 0.0300 0.8122 
0.0300 0.0300 0.0300 0.5411 
0.0300 0.0300 0.0300 1.9922 
0.0300 0.0300 0.0300 0.5978 

0.0300 0.0300 0.0300 1.0000 
0.0300 0.0300 0.0300 0.8122 
0.0300 0.0300 0.0300 0.5411 
0.0300 0.0300 0.0300 1.9922 
0.0300 0.0300 0.0300 0.5978 

0.0300 0.0300 0.0300 1.0000 
0.0300 0.0300 0.0300 0.6423 
0.0300 0.0300 0.0300 1.9922 
0.0300 0.0300 0.0300 0.5433 
0.0300 0.0300 0.0300 0.4673 

0.0300 0.0300 0.0300 1.0000 
0.0300 0.0300 0.0300 0.6423 
0.0300 0.0300 0.0300 1.9922 
0.0300 0.0300 0.0300 0.5433 
0.0300 0.0300 0.0300 0.4673 

0.0300 0.0300 0.0300 1.0000 
0.0300 0.0300 0.0300 0.6423 
0.0300 0.0300 0.0300 1.9922 
0.0300 0.0300 0.0300 0.5433 
0.0300 0.0300 0.0300 0.4673 

0.0300 0.0300 0.0300 1.0000 
0.0300 0.0300 0.0300 0.5411 
0.0300 0.0300 0.0300 0.5978 
0.0300 0.0300 0.0300 0.4673 
0.0300 0.0300 0.0300 0.6558 

0.0300 0.0300 0.0300 1.0000 
0.0300 0.0300 0.0300 0.5411 
0.0300 0.0300 0.0300 0.5978 
0.0300 0.0300 0.0300 0.4673 
0.0300 0.0300 0.0300 0.6558 

0.0300 0.0300 0.0300 1.0000 
0.0300 0.0300 0.0300 0.5411 
0.0300 0.0300 0.0300 0.5978 
0.0300 0.0300 0.0300 0.4673 
0.0300 0.0300 0.0300 0.6558 

0.0300 0.0300 0.0300 1.0000 
0.0300 0.0300 0.0300 2.1768 
0.0300 0.0300 0.0300 0.5164 
0.0300 0.0300 0.0300 0.6766 
0.0300 0.0300 0.0300 0.7451 

0.0300 0.0300 0.0300 1.0000 
0.0300 0.0300 0.0300 2.1768 
0.0300 0.0300 0.0300 0.5164 
0.0300 0.0300 0.0300 0.6766 
0.0300 0.0300 0.0300 0.7451 

0.0300 0.0300 0.0300 1.0000 
0.0300 0.0300 0.0300 2.1768 
0.0300 0.0300 0.0300 0.5164 
0.0300 0.0300 0.0300 0.6766 
0.0300 0.0300 0.0300 0.7451 

